Writing Time, block number, FS name
[  218.280481] [0]1572441396.635584, 96, nilfs2
[  218.280482] [1]1572441396.636813, 336, nilfs2
[  218.280483] [2]1572441396.648533, 552, nilfs2
[  218.280484] [3]1572441396.651698, 656, nilfs2
[  218.280484] [4]1572441396.652944, 896, nilfs2
[  218.280485] [5]1572441396.663924, 1112, nilfs2
[  218.280485] [6]1572441396.667075, 1216, nilfs2
[  218.280486] [7]1572441396.668556, 1456, nilfs2
[  218.280487] [8]1572441396.681588, 1672, nilfs2
[  218.280487] [9]1572441396.684949, 1776, nilfs2
[  218.280488] [10]1572441396.685768, 2016, nilfs2
[  218.280488] [11]1572441396.695519, 2240, nilfs2
[  218.280489] [12]1572441396.698932, 2352, nilfs2
[  218.280490] [13]1572441396.699676, 2592, nilfs2
[  218.280490] [14]1572441396.709454, 2808, nilfs2
[  218.280491] [15]1572441396.712491, 2912, nilfs2
[  218.280491] [16]1572441396.713274, 3280, nilfs2
[  218.280492] [17]1572441396.723550, 3624, nilfs2
[  218.280492] [18]1572441396.726529, 3728, nilfs2
[  218.280493] [19]1572441396.727829, 4104, nilfs2
[  218.280493] [20]1572441396.737903, 4464, nilfs2
[  218.280494] [21]1572441396.743775, 4576, nilfs2
[  218.280495] [22]1572441396.744788, 4952, nilfs2
[  218.280495] [23]1572441396.755040, 5304, nilfs2
[  218.280496] [24]1572441396.757588, 5416, nilfs2
[  218.280496] [25]1572441396.758300, 5808, nilfs2
[  218.280497] [26]1572441396.767593, 6168, nilfs2
[  218.280497] [27]1572441396.771289, 6288, nilfs2
[  218.280498] [28]1572441396.772290, 6664, nilfs2
[  218.280499] [29]1572441396.782479, 7016, nilfs2
[  218.280499] [30]1572441396.786261, 7128, nilfs2
[  218.280500] [31]1572441396.788072, 7512, nilfs2
[  218.280500] [32]1572441396.797532, 7872, nilfs2
[  218.280501] [33]1572441396.800949, 7984, nilfs2
[  218.280501] [34]1572441396.802182, 8624, nilfs2
[  218.280502] [35]1572441396.812597, 9240, nilfs2
[  218.280502] [36]1572441396.816291, 9352, nilfs2
[  218.280503] [37]1572441396.817573, 9992, nilfs2
[  218.280503] [38]1572441396.827698, 10608, nilfs2
[  218.280504] [39]1572441396.832253, 10720, nilfs2
[  218.280505] [40]1572441396.833491, 11360, nilfs2
[  218.280505] [41]1572441396.843553, 11976, nilfs2
[  218.280506] [42]1572441396.849491, 12088, nilfs2
[  218.280506] [43]1572441396.850706, 12728, nilfs2
[  218.280507] [44]1572441396.861142, 13344, nilfs2
[  218.280508] [45]1572441396.864492, 13456, nilfs2
[  218.280508] [46]1572441396.865558, 14096, nilfs2
[  218.280509] [47]1572441396.875391, 14712, nilfs2
[  218.280509] [48]1572441396.878145, 14824, nilfs2
[  218.280510] [49]1572441396.879102, 15464, nilfs2
[  218.280510] [50]1572441396.892844, 16080, nilfs2
[  218.280511] [51]1572441396.896010, 16200, nilfs2
[  218.280511] [52]1572441396.896202, 16384, nilfs2
[  218.280512] [53]1572441396.897260, 16848, nilfs2
[  218.280513] [54]1572441396.897366, 1999992, nilfs2
[  218.280513] [55]1572441396.907476, 17464, nilfs2
[  218.280514] [56]1572441396.911094, 17576, nilfs2
[  218.280514] [57]1572441396.913826, 18728, nilfs2
[  218.280515] [58]1572441396.926365, 19864, nilfs2
[  218.280515] [59]1572441396.930199, 19984, nilfs2
[  218.280516] [60]1572441396.931804, 21136, nilfs2
[  218.280517] [61]1572441396.942192, 22272, nilfs2
[  218.280517] [62]1572441396.945600, 22392, nilfs2
[  218.280518] [63]1572441396.947722, 23544, nilfs2
[  218.280518] [64]1572441396.960003, 24680, nilfs2
[  218.280519] [65]1572441396.963446, 24800, nilfs2
[  218.280519] [66]1572441396.964952, 25952, nilfs2
[  218.280520] [67]1572441396.975102, 27088, nilfs2
[  218.280520] [68]1572441396.978586, 27208, nilfs2
[  218.280521] [69]1572441396.980455, 28360, nilfs2
[  218.280521] [70]1572441396.992022, 29496, nilfs2
[  218.280522] [71]1572441396.995981, 29616, nilfs2
[  218.280523] [72]1572441396.997653, 30776, nilfs2
[  218.280523] [73]1572441397.7145, 31912, nilfs2
[  218.280524] [74]1572441397.10332, 32032, nilfs2
[  218.280524] [75]1572441397.10533, 32768, nilfs2
[  218.280525] [76]1572441397.12529, 33192, nilfs2
[  218.280526] [77]1572441397.24044, 34328, nilfs2
[  218.280526] [78]1572441397.24277, 0, nilfs2
[  218.280527] [79]1572441397.28541, 34448, nilfs2
[  218.280527] [80]1572441397.30180, 35608, nilfs2
[  218.280528] [81]1572441397.39211, 36744, nilfs2
[  218.280528] [82]1572441397.44138, 36872, nilfs2
[  218.280529] [83]1572441397.44170, 38920, nilfs2
[  218.280529] [84]1572441397.47036, 39072, nilfs2
[  218.280530] [85]1572441397.47226, 41120, nilfs2
[  218.280530] [86]1572441397.56688, 41264, nilfs2
[  218.280531] [87]1572441397.61681, 41392, nilfs2
[  218.280532] [88]1572441397.61712, 43440, nilfs2
[  218.280532] [89]1572441397.64269, 43592, nilfs2
[  218.280533] [90]1572441397.64295, 45640, nilfs2
[  218.280533] [91]1572441397.74955, 45784, nilfs2
[  218.280534] [92]1572441397.79058, 45912, nilfs2
[  218.280534] [93]1572441397.79182, 47960, nilfs2
[  218.280535] [94]1572441397.80725, 48112, nilfs2
[  218.280536] [95]1572441397.81241, 49152, nilfs2
[  218.280536] [96]1572441397.90020, 50304, nilfs2
[  218.280537] [97]1572441397.90249, 1999992, nilfs2
[  218.280537] [98]1572441397.95075, 50432, nilfs2
[  218.280538] [99]1572441397.95603, 52480, nilfs2
[  218.280538] [100]1572441397.98081, 52632, nilfs2
[  218.280539] [101]1572441397.98112, 54680, nilfs2
[  218.280540] [102]1572441397.108064, 54824, nilfs2
[  218.280540] [103]1572441397.112367, 54952, nilfs2
[  218.280541] [104]1572441397.112401, 57000, nilfs2
[  218.280541] [105]1572441397.114658, 57152, nilfs2
[  218.280542] [106]1572441397.114718, 59200, nilfs2
[  218.280543] [107]1572441397.125571, 59344, nilfs2
[  218.280543] [108]1572441397.130281, 59472, nilfs2
[  218.280544] [109]1572441397.130333, 61520, nilfs2
[  218.280544] [110]1572441397.132948, 61672, nilfs2
[  218.280545] [111]1572441397.132976, 63720, nilfs2
[  218.280545] [112]1572441397.142425, 63864, nilfs2
[  218.280546] [113]1572441397.146106, 63992, nilfs2
[  218.280546] [114]1572441397.146386, 65536, nilfs2
[  218.280547] [115]1572441397.148786, 66192, nilfs2
[  218.280547] [116]1572441397.148815, 68240, nilfs2
[  218.280548] [117]1572441397.157953, 68384, nilfs2
[  218.280549] [118]1572441397.158861, 0, nilfs2
[  218.280549] [119]1572441397.163596, 68512, nilfs2
[  218.280550] [120]1572441397.163686, 70560, nilfs2
[  218.280550] [121]1572441397.166092, 70712, nilfs2
[  218.280551] [122]1572441397.166124, 72760, nilfs2
[  218.280551] [123]1572441397.175152, 72904, nilfs2
[  218.280552] [124]1572441397.180052, 73040, nilfs2
[  218.280552] [125]1572441397.180121, 75088, nilfs2
[  218.280553] [126]1572441397.182448, 75248, nilfs2
[  218.280554] [127]1572441397.182470, 77296, nilfs2
[  218.280554] [128]1572441397.192400, 77440, nilfs2
[  218.280555] [129]1572441397.199070, 77568, nilfs2
[  218.280555] [130]1572441397.199138, 79616, nilfs2
[  218.280556] [131]1572441397.199152, 81664, nilfs2
[  218.280556] [132]1572441397.201980, 81848, nilfs2
[  218.280557] [133]1572441397.204052, 81920, nilfs2
[  218.280557] [134]1572441397.204082, 83968, nilfs2
[  218.280558] [135]1572441397.204097, 86016, nilfs2
[  218.280558] [136]1572441397.215045, 86144, nilfs2
[  218.280559] [137]1572441397.215158, 1999992, nilfs2
[  218.280559] [138]1572441397.220642, 86288, nilfs2
[  218.280560] [139]1572441397.220680, 88336, nilfs2
[  218.280561] [140]1572441397.220696, 90384, nilfs2
[  218.280561] [141]1572441397.225099, 90568, nilfs2
[  218.280562] [142]1572441397.225132, 92616, nilfs2
[  218.280562] [143]1572441397.225147, 94664, nilfs2
[  218.280563] [144]1572441397.237189, 94856, nilfs2
[  218.280563] [145]1572441397.242684, 95000, nilfs2
[  218.280564] [146]1572441397.242714, 97048, nilfs2
[  218.280565] [147]1572441397.243093, 98304, nilfs2
[  218.280565] [148]1572441397.247071, 99280, nilfs2
[  218.280566] [149]1572441397.247099, 101328, nilfs2
[  218.280566] [150]1572441397.247113, 103376, nilfs2
[  218.280567] [151]1572441397.256781, 103568, nilfs2
[  218.280567] [152]1572441397.256902, 0, nilfs2
[  218.280568] [153]1572441397.262228, 103712, nilfs2
[  218.280568] [154]1572441397.262996, 105760, nilfs2
[  218.280569] [155]1572441397.263279, 107808, nilfs2
[  218.280570] [156]1572441397.268857, 107992, nilfs2
[  218.280570] [157]1572441397.268924, 110040, nilfs2
[  218.280571] [158]1572441397.268939, 112088, nilfs2
[  218.280571] [159]1572441397.279492, 112280, nilfs2
[  218.280572] [160]1572441397.284461, 112424, nilfs2
[  218.280572] [161]1572441397.284618, 114472, nilfs2
[  218.280573] [162]1572441397.285404, 114688, nilfs2
[  218.280573] [163]1572441397.289504, 116704, nilfs2
[  218.280574] [164]1572441397.289536, 118752, nilfs2
[  218.280575] [165]1572441397.289551, 120800, nilfs2
[  218.280575] [166]1572441397.301414, 120992, nilfs2
[  218.280576] [167]1572441397.301628, 1999992, nilfs2
[  218.280576] [168]1572441397.307984, 121136, nilfs2
[  218.280577] [169]1572441397.308059, 123184, nilfs2
[  218.280577] [170]1572441397.308075, 125232, nilfs2
[  218.280578] [171]1572441397.312160, 125416, nilfs2
[  218.280578] [172]1572441397.312192, 127464, nilfs2
[  218.280579] [173]1572441397.312206, 129512, nilfs2
[  218.280579] [174]1572441397.322858, 129712, nilfs2
[  218.280580] [175]1572441397.327589, 129864, nilfs2
[  218.280581] [176]1572441397.328797, 131072, nilfs2
[  218.280581] [177]1572441397.328823, 133120, nilfs2
[  218.280582] [178]1572441397.333899, 134144, nilfs2
[  218.280582] [179]1572441397.333949, 136192, nilfs2
[  218.280583] [180]1572441397.333964, 138240, nilfs2
[  218.280583] [181]1572441397.345304, 138440, nilfs2
[  218.280584] [182]1572441397.345436, 1999992, nilfs2
[  218.280585] [183]1572441397.351031, 138592, nilfs2
[  218.280585] [184]1572441397.351061, 140640, nilfs2
[  218.280586] [185]1572441397.351075, 142688, nilfs2
[  218.280586] [186]1572441397.355374, 142888, nilfs2
[  218.280587] [187]1572441397.355406, 144936, nilfs2
[  218.280587] [188]1572441397.355419, 146984, nilfs2
[  218.280588] [189]1572441397.364928, 147176, nilfs2
[  218.280588] [190]1572441397.372245, 147328, nilfs2
[  218.280589] [191]1572441397.373867, 147456, nilfs2
[  218.280589] [192]1572441397.373918, 149504, nilfs2
[  218.280590] [193]1572441397.373933, 151552, nilfs2
[  218.280590] [194]1572441397.378788, 151616, nilfs2
[  218.280591] [195]1572441397.378813, 153664, nilfs2
[  218.280592] [196]1572441397.378827, 155712, nilfs2
[  218.280592] [197]1572441397.389284, 155904, nilfs2
[  218.280593] [198]1572441397.389414, 0, nilfs2
[  218.280593] [199]1572441397.395881, 156048, nilfs2
[  218.280594] [200]1572441397.395918, 158096, nilfs2
[  218.280595] [201]1572441397.395932, 160144, nilfs2
[  218.280595] [202]1572441397.399784, 160328, nilfs2
[  218.280596] [203]1572441397.399814, 162376, nilfs2
[  218.280596] [204]1572441397.400155, 163840, nilfs2
[  218.280597] [205]1572441397.412110, 164616, nilfs2
[  218.280597] [206]1572441397.412350, 1999992, nilfs2
[  218.280598] [207]1572441397.423729, 164760, nilfs2
[  218.280598] [208]1572441397.423766, 166808, nilfs2
[  218.280599] [209]1572441397.423782, 168856, nilfs2
[  218.280599] [210]1572441397.423797, 170904, nilfs2
[  218.280600] [211]1572441397.423810, 172952, nilfs2
[  218.280601] [212]1572441397.431465, 173208, nilfs2
[  218.280601] [213]1572441397.431483, 175256, nilfs2
[  218.280602] [214]1572441397.431494, 177304, nilfs2
[  218.280602] [215]1572441397.431503, 179352, nilfs2
[  218.280603] [216]1572441397.432188, 180224, nilfs2
[  218.280603] [217]1572441397.443188, 181696, nilfs2
[  218.280604] [218]1572441397.445310, 0, nilfs2
[  218.280605] [219]1572441397.455123, 181872, nilfs2
[  218.280605] [220]1572441397.455158, 183920, nilfs2
[  218.280606] [221]1572441397.455175, 185968, nilfs2
[  218.280606] [222]1572441397.455190, 188016, nilfs2
[  218.280607] [223]1572441397.455204, 190064, nilfs2
[  218.280607] [224]1572441397.462040, 190328, nilfs2
[  218.280608] [225]1572441397.462074, 192376, nilfs2
[  218.280608] [226]1572441397.462091, 194424, nilfs2
[  218.280609] [227]1572441397.462105, 196472, nilfs2
[  218.280609] [228]1572441397.463289, 196608, nilfs2
[  218.280610] [229]1572441397.463317, 198656, nilfs2
[  218.280611] [230]1572441397.473767, 198832, nilfs2
[  218.280611] [231]1572441397.473896, 1999992, nilfs2
[  218.280612] [232]1572441397.484719, 199008, nilfs2
[  218.280612] [233]1572441397.484747, 201056, nilfs2
[  218.280613] [234]1572441397.484762, 203104, nilfs2
[  218.280613] [235]1572441397.484777, 205152, nilfs2
[  218.280614] [236]1572441397.484790, 207200, nilfs2
[  218.280614] [237]1572441397.491897, 207456, nilfs2
[  218.280615] [238]1572441397.491932, 209504, nilfs2
[  218.280616] [239]1572441397.491948, 211552, nilfs2
[  218.280616] [240]1572441397.493291, 212992, nilfs2
[  218.280617] [241]1572441397.493316, 215040, nilfs2
[  218.280617] [242]1572441397.503282, 215944, nilfs2
[  218.280618] [243]1572441397.503412, 0, nilfs2
[  218.280618] [244]1572441397.512330, 216120, nilfs2
[  218.280619] [245]1572441397.512600, 218168, nilfs2
[  218.280619] [246]1572441397.512859, 220216, nilfs2
[  218.280620] [247]1572441397.514682, 222264, nilfs2
[  218.280620] [248]1572441397.514699, 224312, nilfs2
[  218.280621] [249]1572441397.521828, 224568, nilfs2
[  218.280622] [250]1572441397.521866, 226616, nilfs2
[  218.280622] [251]1572441397.521881, 228664, nilfs2
[  218.280623] [252]1572441397.523681, 229376, nilfs2
[  218.280623] [253]1572441397.523707, 231424, nilfs2
[  218.280624] [254]1572441397.534020, 233056, nilfs2
[  218.280624] [255]1572441397.534173, 1999992, nilfs2
[  218.280625] [256]1572441397.543560, 233232, nilfs2
[  218.280626] [257]1572441397.543593, 235280, nilfs2
[  218.280626] [258]1572441397.543609, 237328, nilfs2
[  218.280627] [259]1572441397.543625, 239376, nilfs2
[  218.280627] [260]1572441397.543639, 241424, nilfs2
[  218.280628] [261]1572441397.551513, 241680, nilfs2
[  218.280628] [262]1572441397.551556, 243728, nilfs2
[  218.280629] [263]1572441397.553833, 245760, nilfs2
[  218.280629] [264]1572441397.553884, 247808, nilfs2
[  218.280630] [265]1572441397.553900, 249856, nilfs2
[  218.280630] [266]1572441397.565328, 250176, nilfs2
[  218.280631] [267]1572441397.565487, 1999992, nilfs2
[  218.280631] [268]1572441397.575510, 250360, nilfs2
[  218.280632] [269]1572441397.575546, 252408, nilfs2
[  218.280632] [270]1572441397.575563, 254456, nilfs2
[  218.280633] [271]1572441397.575579, 256504, nilfs2
[  218.280634] [272]1572441397.575592, 258552, nilfs2
[  218.280634] [273]1572441397.580776, 258816, nilfs2
[  218.280635] [274]1572441397.580807, 260864, nilfs2
[  218.280635] [275]1572441397.584921, 262144, nilfs2
[  218.280636] [276]1572441397.584962, 264192, nilfs2
[  218.280636] [277]1572441397.584980, 266240, nilfs2
[  218.280637] [278]1572441397.597690, 267304, nilfs2
[  218.280637] [279]1572441397.597820, 0, nilfs2
[  218.280638] [280]1572441397.610251, 267480, nilfs2
[  218.280639] [281]1572441397.610290, 269528, nilfs2
[  218.280639] [282]1572441397.610307, 271576, nilfs2
[  218.280640] [283]1572441397.610321, 273624, nilfs2
[  218.280640] [284]1572441397.610334, 275672, nilfs2
[  218.280641] [285]1572441397.615782, 275944, nilfs2
[  218.280641] [286]1572441397.615819, 277992, nilfs2
[  218.280642] [287]1572441397.620664, 278528, nilfs2
[  218.280642] [288]1572441397.620712, 280576, nilfs2
[  218.280643] [289]1572441397.620732, 282624, nilfs2
[  218.280643] [290]1572441397.632758, 284440, nilfs2
[  218.280644] [291]1572441397.633003, 1999992, nilfs2
[  218.280644] [292]1572441397.641786, 284624, nilfs2
[  218.280645] [293]1572441397.641827, 286672, nilfs2
[  218.280645] [294]1572441397.641844, 288720, nilfs2
[  218.280646] [295]1572441397.641862, 290768, nilfs2
[  218.280647] [296]1572441397.641877, 292816, nilfs2
[  218.280647] [297]1572441397.646693, 293080, nilfs2
[  218.280648] [298]1572441397.649975, 294912, nilfs2
[  218.280648] [299]1572441397.650004, 296960, nilfs2
[  218.280649] [300]1572441397.650021, 299008, nilfs2
[  218.280649] [301]1572441397.650037, 301056, nilfs2
[  218.280650] [302]1572441397.661372, 301576, nilfs2
[  218.280650] [303]1572441397.661587, 0, nilfs2
[  218.280651] [304]1572441397.671109, 301760, nilfs2
[  218.280652] [305]1572441397.671145, 303808, nilfs2
[  218.280652] [306]1572441397.671162, 305856, nilfs2
[  218.280653] [307]1572441397.671178, 307904, nilfs2
[  218.280653] [308]1572441397.671193, 309952, nilfs2
[  218.280654] [309]1572441397.675782, 310216, nilfs2
[  218.280654] [310]1572441397.679334, 311296, nilfs2
[  218.280655] [311]1572441397.679367, 313344, nilfs2
[  218.280655] [312]1572441397.679385, 315392, nilfs2
[  218.280656] [313]1572441397.679400, 317440, nilfs2
[  218.280656] [314]1572441397.690558, 318712, nilfs2
[  218.280657] [315]1572441397.690683, 1999992, nilfs2
[  218.280657] [316]1572441397.702010, 318904, nilfs2
[  218.280658] [317]1572441397.702048, 320952, nilfs2
[  218.280659] [318]1572441397.702066, 323000, nilfs2
[  218.280659] [319]1572441397.702081, 325048, nilfs2
[  218.280660] [320]1572441397.702096, 327096, nilfs2
[  218.280660] [321]1572441397.706080, 327368, nilfs2
[  218.280661] [322]1572441397.710041, 327680, nilfs2
[  218.280661] [323]1572441397.710079, 329728, nilfs2
[  218.280662] [324]1572441397.710098, 331776, nilfs2
[  218.280662] [325]1572441397.710114, 333824, nilfs2
[  218.280663] [326]1572441397.721154, 335864, nilfs2
[  218.280664] [327]1572441397.721293, 0, nilfs2
[  218.280664] [328]1572441397.732531, 336048, nilfs2
[  218.280665] [329]1572441397.732767, 338096, nilfs2
[  218.280665] [330]1572441397.732785, 340144, nilfs2
[  218.280666] [331]1572441397.732801, 342192, nilfs2
[  218.280666] [332]1572441397.733010, 344064, nilfs2
[  218.280667] [333]1572441397.741563, 344504, nilfs2
[  218.280667] [334]1572441397.741604, 346552, nilfs2
[  218.280668] [335]1572441397.741622, 348600, nilfs2
[  218.280668] [336]1572441397.741638, 350648, nilfs2
[  218.280669] [337]1572441397.741653, 352696, nilfs2
[  218.280670] [338]1572441397.753512, 353000, nilfs2
[  218.280670] [339]1572441397.753645, 1999992, nilfs2
[  218.280671] [340]1572441397.767558, 353184, nilfs2
[  218.280671] [341]1572441397.767598, 355232, nilfs2
[  218.280672] [342]1572441397.767663, 357280, nilfs2
[  218.280672] [343]1572441397.767680, 359328, nilfs2
[  218.280673] [344]1572441397.772025, 360448, nilfs2
[  218.280673] [345]1572441397.772063, 362496, nilfs2
[  218.280674] [346]1572441397.772082, 364544, nilfs2
[  218.280675] [347]1572441397.772098, 366592, nilfs2
[  218.280675] [348]1572441397.772113, 368640, nilfs2
[  218.280676] [349]1572441397.783007, 369960, nilfs2
[  218.280676] [350]1572441397.783041, 372008, nilfs2
[  218.280677] [351]1572441397.783058, 374056, nilfs2
[  218.280677] [352]1572441397.783073, 376104, nilfs2
[  218.280678] [353]1572441397.788143, 376832, nilfs2
[  218.280678] [354]1572441397.788168, 378880, nilfs2
[  218.280679] [355]1572441397.788184, 380928, nilfs2
[  218.280679] [356]1572441397.788199, 382976, nilfs2
[  218.280680] [357]1572441397.788213, 385024, nilfs2
[  218.280680] [358]1572441397.803074, 386840, nilfs2
[  218.280681] [359]1572441397.803361, 0, nilfs2
[  218.280681] [360]1572441397.814290, 387088, nilfs2
[  218.280682] [361]1572441397.814321, 389136, nilfs2
[  218.280682] [362]1572441397.814338, 391184, nilfs2
[  218.280683] [363]1572441397.818693, 393216, nilfs2
[  218.280684] [364]1572441397.818726, 395264, nilfs2
[  218.280684] [365]1572441397.818742, 397312, nilfs2
[  218.280685] [366]1572441397.818759, 399360, nilfs2
[  218.280685] [367]1572441397.818775, 401408, nilfs2
[  218.280686] [368]1572441397.818788, 403456, nilfs2
[  218.280686] [369]1572441397.828733, 403880, nilfs2
[  218.280687] [370]1572441397.828768, 405928, nilfs2
[  218.280687] [371]1572441397.828786, 407976, nilfs2
[  218.280688] [372]1572441397.834308, 409600, nilfs2
[  218.280689] [373]1572441397.834344, 411648, nilfs2
[  218.280689] [374]1572441397.834362, 413696, nilfs2
[  218.280690] [375]1572441397.834379, 415744, nilfs2
[  218.280690] [376]1572441397.834475, 417792, nilfs2
[  218.280691] [377]1572441397.834494, 419840, nilfs2
[  218.280691] [378]1572441397.849882, 420768, nilfs2
[  218.280692] [379]1572441397.850042, 1999992, nilfs2
[  218.280692] [380]1572441397.860113, 421024, nilfs2
[  218.280693] [381]1572441397.860146, 423072, nilfs2
[  218.280693] [382]1572441397.860162, 425120, nilfs2
[  218.280694] [383]1572441397.864863, 425984, nilfs2
[  218.280694] [384]1572441397.864885, 428032, nilfs2
[  218.280695] [385]1572441397.864901, 430080, nilfs2
[  218.280696] [386]1572441397.864916, 432128, nilfs2
[  218.280696] [387]1572441397.864932, 434176, nilfs2
[  218.280697] [388]1572441397.864947, 436224, nilfs2
[  218.280697] [389]1572441397.875305, 437800, nilfs2
[  218.280698] [390]1572441397.875341, 439848, nilfs2
[  218.280698] [391]1572441397.875357, 441896, nilfs2
[  218.280699] [392]1572441397.881713, 442368, nilfs2
[  218.280699] [393]1572441397.881813, 444416, nilfs2
[  218.280700] [394]1572441397.881831, 446464, nilfs2
[  218.280701] [395]1572441397.881851, 448512, nilfs2
[  218.280701] [396]1572441397.881869, 450560, nilfs2
[  218.280702] [397]1572441397.881886, 452608, nilfs2
[  218.280702] [398]1572441397.881900, 454656, nilfs2
[  218.280703] [399]1572441397.897294, 454680, nilfs2
[  218.280703] [400]1572441397.897483, 1999992, nilfs2
[  218.280704] [401]1572441397.908953, 454928, nilfs2
[  218.280704] [402]1572441397.908992, 456976, nilfs2
[  218.280705] [403]1572441397.914497, 458752, nilfs2
[  218.280705] [404]1572441397.914529, 460800, nilfs2
[  218.280706] [405]1572441397.914545, 462848, nilfs2
[  218.280707] [406]1572441397.914564, 464896, nilfs2
[  218.280707] [407]1572441397.914581, 466944, nilfs2
[  218.280708] [408]1572441397.914597, 468992, nilfs2
[  218.280708] [409]1572441397.914612, 471040, nilfs2
[  218.280709] [410]1572441397.922752, 471704, nilfs2
[  218.280709] [411]1572441397.922785, 473752, nilfs2
[  218.280710] [412]1572441397.929183, 475136, nilfs2
[  218.280711] [413]1572441397.929209, 477184, nilfs2
[  218.280711] [414]1572441397.929227, 479232, nilfs2
[  218.280712] [415]1572441397.929245, 481280, nilfs2
[  218.280712] [416]1572441397.929262, 483328, nilfs2
[  218.280713] [417]1572441397.929278, 485376, nilfs2
[  218.280713] [418]1572441397.929294, 487424, nilfs2
[  218.280714] [419]1572441397.946037, 488584, nilfs2
[  218.280714] [420]1572441397.946205, 0, nilfs2
[  218.280715] [421]1572441397.955174, 488832, nilfs2
[  218.280715] [422]1572441397.955212, 490880, nilfs2
[  218.280716] [423]1572441397.961027, 491520, nilfs2
[  218.280717] [424]1572441397.961059, 493568, nilfs2
[  218.280717] [425]1572441397.961078, 495616, nilfs2
[  218.280718] [426]1572441397.961096, 497664, nilfs2
[  218.280718] [427]1572441397.961113, 499712, nilfs2
[  218.280719] [428]1572441397.961129, 501760, nilfs2
[  218.280719] [429]1572441397.961145, 503808, nilfs2
[  218.280720] [430]1572441397.969067, 505608, nilfs2
[  218.280720] [431]1572441397.969106, 507656, nilfs2
[  218.280721] [432]1572441397.976476, 507904, nilfs2
[  218.280722] [433]1572441397.976506, 509952, nilfs2
[  218.280722] [434]1572441397.976524, 512000, nilfs2
[  218.280723] [435]1572441397.976542, 514048, nilfs2
[  218.280723] [436]1572441397.976559, 516096, nilfs2
[  218.280724] [437]1572441397.976575, 518144, nilfs2
[  218.280724] [438]1572441397.976591, 520192, nilfs2
[  218.280725] [439]1572441397.976604, 522240, nilfs2
[  218.280725] [440]1572441397.992404, 522504, nilfs2
[  218.280726] [441]1572441397.992670, 1999992, nilfs2
[  218.280726] [442]1572441398.1500, 522760, nilfs2
[  218.280727] [443]1572441398.7841, 524288, nilfs2
[  218.280728] [444]1572441398.7873, 526336, nilfs2
[  218.280728] [445]1572441398.7891, 528384, nilfs2
[  218.280729] [446]1572441398.7907, 530432, nilfs2
[  218.280729] [447]1572441398.7923, 532480, nilfs2
[  218.280730] [448]1572441398.7938, 534528, nilfs2
[  218.280730] [449]1572441398.7952, 536576, nilfs2
[  218.280731] [450]1572441398.7966, 538624, nilfs2
[  218.280732] [451]1572441398.15682, 539544, nilfs2
[  218.280732] [452]1572441398.25519, 540672, nilfs2
[  218.280733] [453]1572441398.25561, 542720, nilfs2
[  218.280733] [454]1572441398.25578, 544768, nilfs2
[  218.280734] [455]1572441398.25598, 546816, nilfs2
[  218.280734] [456]1572441398.25616, 548864, nilfs2
[  218.280735] [457]1572441398.25634, 550912, nilfs2
[  218.280735] [458]1572441398.25650, 552960, nilfs2
[  218.280736] [459]1572441398.25666, 555008, nilfs2
[  218.280736] [460]1572441398.40341, 556440, nilfs2
[  218.280737] [461]1572441398.40480, 0, nilfs2
[  218.280738] [462]1572441398.48280, 556688, nilfs2
[  218.280738] [463]1572441398.56290, 557056, nilfs2
[  218.280739] [464]1572441398.56331, 559104, nilfs2
[  218.280739] [465]1572441398.56351, 561152, nilfs2
[  218.280740] [466]1572441398.56369, 563200, nilfs2
[  218.280741] [467]1572441398.56390, 565248, nilfs2
[  218.280741] [468]1572441398.56408, 567296, nilfs2
[  218.280742] [469]1572441398.56425, 569344, nilfs2
[  218.280742] [470]1572441398.56443, 571392, nilfs2
[  218.280743] [471]1572441398.56452, 573440, nilfs2
[  218.280743] [472]1572441398.71642, 573472, nilfs2
[  218.280744] [473]1572441398.71681, 575520, nilfs2
[  218.280744] [474]1572441398.71698, 577568, nilfs2
[  218.280745] [475]1572441398.71714, 579616, nilfs2
[  218.280745] [476]1572441398.71731, 581664, nilfs2
[  218.280746] [477]1572441398.71746, 583712, nilfs2
[  218.280747] [478]1572441398.71763, 585760, nilfs2
[  218.280747] [479]1572441398.71781, 587808, nilfs2
[  218.280748] [480]1572441398.72030, 589824, nilfs2
[  218.280748] [481]1572441398.87785, 590352, nilfs2
[  218.280749] [482]1572441398.88012, 1999992, nilfs2
[  218.280750] [483]1572441398.103393, 590600, nilfs2
[  218.280750] [484]1572441398.103443, 592648, nilfs2
[  218.280751] [485]1572441398.103463, 594696, nilfs2
[  218.280751] [486]1572441398.103482, 596744, nilfs2
[  218.280752] [487]1572441398.103500, 598792, nilfs2
[  218.280752] [488]1572441398.103518, 600840, nilfs2
[  218.280753] [489]1572441398.103538, 602888, nilfs2
[  218.280753] [490]1572441398.103554, 604936, nilfs2
[  218.280754] [491]1572441398.104089, 606208, nilfs2
[  218.280754] [492]1572441398.119602, 607376, nilfs2
[  218.280755] [493]1572441398.119639, 609424, nilfs2
[  218.280756] [494]1572441398.119659, 611472, nilfs2
[  218.280756] [495]1572441398.119677, 613520, nilfs2
[  218.280757] [496]1572441398.119695, 615568, nilfs2
[  218.280757] [497]1572441398.119714, 617616, nilfs2
[  218.280758] [498]1572441398.119732, 619664, nilfs2
[  218.280758] [499]1572441398.119747, 621712, nilfs2
[  218.280759] [500]1572441398.120559, 622592, nilfs2
[  218.280759] [501]1572441398.134326, 624264, nilfs2
[  218.280760] [502]1572441398.134550, 0, nilfs2
[  218.280761] [503]1572441398.148463, 624520, nilfs2
[  218.280761] [504]1572441398.148505, 626568, nilfs2
[  218.280762] [505]1572441398.148528, 628616, nilfs2
[  218.280762] [506]1572441398.148544, 630664, nilfs2
[  218.280763] [507]1572441398.148560, 632712, nilfs2
[  218.280763] [508]1572441398.148575, 634760, nilfs2
[  218.280764] [509]1572441398.148590, 636808, nilfs2
[  218.280764] [510]1572441398.148602, 638856, nilfs2
[  218.280765] [511]1572441398.149595, 638976, nilfs2
[  218.280765] [512]1572441398.149613, 641024, nilfs2
[  218.280766] [513]1572441398.164486, 641304, nilfs2
[  218.280766] [514]1572441398.164531, 643352, nilfs2
[  218.280767] [515]1572441398.164552, 645400, nilfs2
[  218.280768] [516]1572441398.164569, 647448, nilfs2
[  218.280768] [517]1572441398.164586, 649496, nilfs2
[  218.280769] [518]1572441398.164603, 651544, nilfs2
[  218.280769] [519]1572441398.164619, 653592, nilfs2
[  218.280770] [520]1572441398.166052, 655360, nilfs2
[  218.280770] [521]1572441398.166074, 657408, nilfs2
[  218.280771] [522]1572441398.179937, 658184, nilfs2
[  218.280771] [523]1572441398.180108, 1999992, nilfs2
[  218.280772] [524]1572441398.193395, 658432, nilfs2
[  218.280773] [525]1572441398.193455, 660480, nilfs2
[  218.280773] [526]1572441398.193485, 662528, nilfs2
[  218.280774] [527]1572441398.193512, 664576, nilfs2
[  218.280774] [528]1572441398.193547, 666624, nilfs2
[  218.280775] [529]1572441398.193570, 668672, nilfs2
[  218.280775] [530]1572441398.193589, 670720, nilfs2
[  218.280776] [531]1572441398.195319, 671744, nilfs2
[  218.280776] [532]1572441398.195346, 673792, nilfs2
[  218.280777] [533]1572441398.208888, 675216, nilfs2
[  218.280777] [534]1572441398.208928, 677264, nilfs2
[  218.280778] [535]1572441398.208947, 679312, nilfs2
[  218.280778] [536]1572441398.208964, 681360, nilfs2
[  218.280779] [537]1572441398.208981, 683408, nilfs2
[  218.280779] [538]1572441398.208997, 685456, nilfs2
[  218.280780] [539]1572441398.209011, 687504, nilfs2
[  218.280781] [540]1572441398.211056, 688128, nilfs2
[  218.280781] [541]1572441398.211087, 690176, nilfs2
[  218.280782] [542]1572441398.225858, 692096, nilfs2
[  218.280782] [543]1572441398.226007, 1999992, nilfs2
[  218.280783] [544]1572441398.243425, 692344, nilfs2
[  218.280783] [545]1572441398.243470, 694392, nilfs2
[  218.280784] [546]1572441398.243488, 696440, nilfs2
[  218.280785] [547]1572441398.243506, 698488, nilfs2
[  218.280785] [548]1572441398.243524, 700536, nilfs2
[  218.280786] [549]1572441398.243542, 702584, nilfs2
[  218.280786] [550]1572441398.245505, 704512, nilfs2
[  218.280787] [551]1572441398.245533, 706560, nilfs2
[  218.280787] [552]1572441398.245549, 708608, nilfs2
[  218.280788] [553]1572441398.258064, 709120, nilfs2
[  218.280788] [554]1572441398.258107, 711168, nilfs2
[  218.280789] [555]1572441398.258123, 713216, nilfs2
[  218.280789] [556]1572441398.258140, 715264, nilfs2
[  218.280790] [557]1572441398.258155, 717312, nilfs2
[  218.280790] [558]1572441398.258171, 719360, nilfs2
[  218.280791] [559]1572441398.260698, 720896, nilfs2
[  218.280792] [560]1572441398.260732, 722944, nilfs2
[  218.280792] [561]1572441398.260747, 724992, nilfs2
[  218.280793] [562]1572441398.274595, 726008, nilfs2
[  218.280793] [563]1572441398.274809, 0, nilfs2
[  218.280794] [564]1572441398.292164, 726264, nilfs2
[  218.280794] [565]1572441398.292204, 728312, nilfs2
[  218.280795] [566]1572441398.292221, 730360, nilfs2
[  218.280796] [567]1572441398.292237, 732408, nilfs2
[  218.280796] [568]1572441398.292253, 734456, nilfs2
[  218.280797] [569]1572441398.292268, 736504, nilfs2
[  218.280797] [570]1572441398.294602, 737280, nilfs2
[  218.280798] [571]1572441398.294625, 739328, nilfs2
[  218.280798] [572]1572441398.294639, 741376, nilfs2
[  218.280799] [573]1572441398.309208, 743048, nilfs2
[  218.280799] [574]1572441398.309269, 745096, nilfs2
[  218.280800] [575]1572441398.309289, 747144, nilfs2
[  218.280800] [576]1572441398.309306, 749192, nilfs2
[  218.280801] [577]1572441398.309322, 751240, nilfs2
[  218.280801] [578]1572441398.309337, 753288, nilfs2
[  218.280802] [579]1572441398.312733, 753664, nilfs2
[  218.280803] [580]1572441398.312757, 755712, nilfs2
[  218.280803] [581]1572441398.312775, 757760, nilfs2
[  218.280804] [582]1572441398.312788, 759808, nilfs2
[  218.280804] [583]1572441398.327988, 759928, nilfs2
[  218.280805] [584]1572441398.328137, 1999992, nilfs2
[  218.280805] [585]1572441398.350835, 760176, nilfs2
[  218.280806] [586]1572441398.350914, 762224, nilfs2
[  218.280807] [587]1572441398.350930, 764272, nilfs2
[  218.280807] [588]1572441398.350946, 766320, nilfs2
[  218.280808] [589]1572441398.350962, 768368, nilfs2
[  218.280808] [590]1572441398.357559, 770048, nilfs2
[  218.280809] [591]1572441398.357596, 772096, nilfs2
[  218.280809] [592]1572441398.357614, 774144, nilfs2
[  218.280810] [593]1572441398.357632, 776192, nilfs2
[  218.280810] [594]1572441398.357648, 778240, nilfs2
[  218.280811] [595]1572441398.357662, 780288, nilfs2
[  218.280811] [596]1572441398.357678, 782336, nilfs2
[  218.280812] [597]1572441398.357695, 784384, nilfs2
[  218.280813] [598]1572441398.358886, 786432, nilfs2
[  218.280813] [599]1572441398.358902, 788480, nilfs2
[  218.280814] [600]1572441398.363908, 789344, nilfs2
[  218.280814] [601]1572441398.363938, 791392, nilfs2
[  218.280815] [602]1572441398.363953, 793440, nilfs2
[  218.280815] [603]1572441398.380051, 793632, nilfs2
[  218.280816] [604]1572441398.380089, 795680, nilfs2
[  218.280817] [605]1572441398.380108, 797728, nilfs2
[  218.280817] [606]1572441398.380140, 799776, nilfs2
[  218.280818] [607]1572441398.380154, 801824, nilfs2
[  218.280818] [608]1572441398.388403, 802816, nilfs2
[  218.280819] [609]1572441398.388435, 804864, nilfs2
[  218.280819] [610]1572441398.388451, 806912, nilfs2
[  218.280820] [611]1572441398.388467, 808960, nilfs2
[  218.280820] [612]1572441398.388482, 811008, nilfs2
[  218.280821] [613]1572441398.388496, 813056, nilfs2
[  218.280821] [614]1572441398.388511, 815104, nilfs2
[  218.280822] [615]1572441398.388526, 817152, nilfs2
[  218.280822] [616]1572441398.390311, 819200, nilfs2
[  218.280823] [617]1572441398.390328, 821248, nilfs2
[  218.280824] [618]1572441398.393881, 822984, nilfs2
[  218.280824] [619]1572441398.393911, 825032, nilfs2
[  218.280825] [620]1572441398.393926, 827080, nilfs2
[  218.280825] [621]1572441398.411692, 827336, nilfs2
[  218.280826] [622]1572441398.411843, 0, nilfs2
[  218.280826] [623]1572441398.427210, 827728, nilfs2
[  218.280827] [624]1572441398.427265, 829776, nilfs2
[  218.280828] [625]1572441398.427288, 831824, nilfs2
[  218.280828] [626]1572441398.427316, 833872, nilfs2
[  218.280829] [627]1572441398.434608, 835584, nilfs2
[  218.280829] [628]1572441398.434637, 837632, nilfs2
[  218.280830] [629]1572441398.434654, 839680, nilfs2
[  218.280830] [630]1572441398.434674, 841728, nilfs2
[  218.280831] [631]1572441398.434692, 843776, nilfs2
[  218.280831] [632]1572441398.434707, 845824, nilfs2
[  218.280832] [633]1572441398.434722, 847872, nilfs2
[  218.280832] [634]1572441398.434739, 849920, nilfs2
[  218.280833] [635]1572441398.436679, 851968, nilfs2
[  218.280834] [636]1572441398.436702, 854016, nilfs2
[  218.280834] [637]1572441398.436715, 856064, nilfs2
[  218.280835] [638]1572441398.441795, 856816, nilfs2
[  218.280835] [639]1572441398.441831, 858864, nilfs2
[  218.280836] [640]1572441398.441846, 860912, nilfs2
[  218.280836] [641]1572441398.457880, 861192, nilfs2
[  218.280837] [642]1572441398.457920, 863240, nilfs2
[  218.280837] [643]1572441398.457937, 865288, nilfs2
[  218.280838] [644]1572441398.457953, 867336, nilfs2
[  218.280839] [645]1572441398.466259, 868352, nilfs2
[  218.280839] [646]1572441398.466290, 870400, nilfs2
[  218.280840] [647]1572441398.466306, 872448, nilfs2
[  218.280840] [648]1572441398.466323, 874496, nilfs2
[  218.280841] [649]1572441398.466340, 876544, nilfs2
[  218.280841] [650]1572441398.466355, 878592, nilfs2
[  218.280842] [651]1572441398.466371, 880640, nilfs2
[  218.280842] [652]1572441398.466388, 882688, nilfs2
[  218.280843] [653]1572441398.469334, 884736, nilfs2
[  218.280843] [654]1572441398.469362, 886784, nilfs2
[  218.280844] [655]1572441398.469377, 888832, nilfs2
[  218.280845] [656]1572441398.472927, 890672, nilfs2
[  218.280845] [657]1572441398.472959, 892720, nilfs2
[  218.280846] [658]1572441398.472973, 894768, nilfs2
[  218.280846] [659]1572441398.490429, 894872, nilfs2
[  218.280847] [660]1572441398.490743, 1999992, nilfs2
[  218.280847] [661]1572441398.505050, 895264, nilfs2
[  218.280848] [662]1572441398.505085, 897312, nilfs2
[  218.280848] [663]1572441398.505102, 899360, nilfs2
[  218.280849] [664]1572441398.511882, 901120, nilfs2
[  218.280850] [665]1572441398.511914, 903168, nilfs2
[  218.280850] [666]1572441398.511934, 905216, nilfs2
[  218.280851] [667]1572441398.511951, 907264, nilfs2
[  218.280851] [668]1572441398.511968, 909312, nilfs2
[  218.280852] [669]1572441398.511987, 911360, nilfs2
[  218.280852] [670]1572441398.512002, 913408, nilfs2
[  218.280853] [671]1572441398.512019, 915456, nilfs2
[  218.280853] [672]1572441398.514776, 917504, nilfs2
[  218.280854] [673]1572441398.514799, 919552, nilfs2
[  218.280854] [674]1572441398.514814, 921600, nilfs2
[  218.280855] [675]1572441398.514827, 923648, nilfs2
[  218.280855] [676]1572441398.519326, 924376, nilfs2
[  218.280856] [677]1572441398.519393, 926424, nilfs2
[  218.280857] [678]1572441398.519417, 928472, nilfs2
[  218.280857] [679]1572441398.532512, 928720, nilfs2
[  218.280858] [680]1572441398.532550, 930768, nilfs2
[  218.280858] [681]1572441398.532566, 932816, nilfs2
[  218.280859] [682]1572441398.540694, 933888, nilfs2
[  218.280859] [683]1572441398.540727, 935936, nilfs2
[  218.280860] [684]1572441398.540745, 937984, nilfs2
[  218.280861] [685]1572441398.540761, 940032, nilfs2
[  218.280861] [686]1572441398.540776, 942080, nilfs2
[  218.280862] [687]1572441398.540792, 944128, nilfs2
[  218.280862] [688]1572441398.540807, 946176, nilfs2
[  218.280863] [689]1572441398.540822, 948224, nilfs2
[  218.280863] [690]1572441398.544392, 950272, nilfs2
[  218.280864] [691]1572441398.544412, 952320, nilfs2
[  218.280864] [692]1572441398.544428, 954368, nilfs2
[  218.280865] [693]1572441398.544444, 956416, nilfs2
[  218.280865] [694]1572441398.548669, 957880, nilfs2
[  218.280866] [695]1572441398.548706, 959928, nilfs2
[  218.280866] [696]1572441398.548720, 961976, nilfs2
[  218.280867] [697]1572441398.566920, 962408, nilfs2
[  218.280868] [698]1572441398.567113, 0, nilfs2
[  218.280868] [699]1572441398.580962, 962800, nilfs2
[  218.280869] [700]1572441398.580998, 964848, nilfs2
[  218.280869] [701]1572441398.589392, 966656, nilfs2
[  218.280870] [702]1572441398.589426, 968704, nilfs2
[  218.280870] [703]1572441398.589444, 970752, nilfs2
[  218.280871] [704]1572441398.589484, 972800, nilfs2
[  218.280872] [705]1572441398.589507, 974848, nilfs2
[  218.280872] [706]1572441398.589527, 976896, nilfs2
[  218.280873] [707]1572441398.589546, 978944, nilfs2
[  218.280873] [708]1572441398.589564, 980992, nilfs2
[  218.280874] [709]1572441398.593112, 983040, nilfs2
[  218.280874] [710]1572441398.593131, 985088, nilfs2
[  218.280875] [711]1572441398.593147, 987136, nilfs2
[  218.280875] [712]1572441398.593162, 989184, nilfs2
[  218.280876] [713]1572441398.593176, 991232, nilfs2
[  218.280876] [714]1572441398.598626, 991960, nilfs2
[  218.280877] [715]1572441398.598659, 994008, nilfs2
[  218.280877] [716]1572441398.598674, 996056, nilfs2
[  218.280878] [717]1572441398.609327, 996264, nilfs2
[  218.280879] [718]1572441398.609366, 998312, nilfs2
[  218.280879] [719]1572441398.618307, 999424, nilfs2
[  218.280880] [720]1572441398.618374, 1001472, nilfs2
[  218.280880] [721]1572441398.618403, 1003520, nilfs2
[  218.280881] [722]1572441398.618421, 1005568, nilfs2
[  218.280881] [723]1572441398.618440, 1007616, nilfs2
[  218.280882] [724]1572441398.618460, 1009664, nilfs2
[  218.280883] [725]1572441398.618479, 1011712, nilfs2
[  218.280883] [726]1572441398.618496, 1013760, nilfs2
[  218.280884] [727]1572441398.624863, 1015808, nilfs2
[  218.280884] [728]1572441398.624903, 1017856, nilfs2
[  218.280885] [729]1572441398.624921, 1019904, nilfs2
[  218.280885] [730]1572441398.624937, 1021952, nilfs2
[  218.280886] [731]1572441398.624952, 1024000, nilfs2
[  218.280886] [732]1572441398.629067, 1025696, nilfs2
[  218.280887] [733]1572441398.629101, 1027744, nilfs2
[  218.280887] [734]1572441398.629135, 1029792, nilfs2
[  218.280888] [735]1572441398.647158, 1029952, nilfs2
[  218.280889] [736]1572441398.647317, 1999992, nilfs2
[  218.280889] [737]1572441398.661029, 1030344, nilfs2
[  218.280890] [738]1572441398.667735, 1032192, nilfs2
[  218.280890] [739]1572441398.667765, 1034240, nilfs2
[  218.280891] [740]1572441398.667781, 1036288, nilfs2
[  218.280891] [741]1572441398.667800, 1038336, nilfs2
[  218.280892] [742]1572441398.667816, 1040384, nilfs2
[  218.280893] [743]1572441398.667831, 1042432, nilfs2
[  218.280893] [744]1572441398.667847, 1044480, nilfs2
[  218.280894] [745]1572441398.667863, 1046528, nilfs2
[  218.280894] [746]1572441398.672272, 1048576, nilfs2
[  218.280895] [747]1572441398.672330, 1050624, nilfs2
[  218.280895] [748]1572441398.672351, 1052672, nilfs2
[  218.280896] [749]1572441398.672370, 1054720, nilfs2
[  218.280896] [750]1572441398.672386, 1056768, nilfs2
[  218.280897] [751]1572441398.672401, 1058816, nilfs2
[  218.280897] [752]1572441398.677369, 1059472, nilfs2
[  218.280898] [753]1572441398.677410, 1061520, nilfs2
[  218.280899] [754]1572441398.677423, 1063568, nilfs2
[  218.280899] [755]1572441398.688684, 1063808, nilfs2
[  218.280900] [756]1572441398.697486, 1064960, nilfs2
[  218.280900] [757]1572441398.697573, 1067008, nilfs2
[  218.280901] [758]1572441398.697590, 1069056, nilfs2
[  218.280901] [759]1572441398.697607, 1071104, nilfs2
[  218.280902] [760]1572441398.697624, 1073152, nilfs2
[  218.280902] [761]1572441398.697640, 1075200, nilfs2
[  218.280903] [762]1572441398.697655, 1077248, nilfs2
[  218.280904] [763]1572441398.697670, 1079296, nilfs2
[  218.280904] [764]1572441398.703450, 1081344, nilfs2
[  218.280905] [765]1572441398.703481, 1083392, nilfs2
[  218.280905] [766]1572441398.703498, 1085440, nilfs2
[  218.280906] [767]1572441398.703514, 1087488, nilfs2
[  218.280906] [768]1572441398.703529, 1089536, nilfs2
[  218.280907] [769]1572441398.703543, 1091584, nilfs2
[  218.280907] [770]1572441398.708095, 1093136, nilfs2
[  218.280908] [771]1572441398.708121, 1095184, nilfs2
[  218.280909] [772]1572441398.708134, 1097232, nilfs2
[  218.280909] [773]1572441398.726350, 1097512, nilfs2
[  218.280910] [774]1572441398.726364, 1097728, nilfs2
[  218.280910] [775]1572441398.726511, 0, nilfs2
[  218.280911] [776]1572441398.744029, 1097912, nilfs2
[  218.280911] [777]1572441398.744373, 1099960, nilfs2
[  218.280912] [778]1572441398.744476, 1102008, nilfs2
[  218.280913] [779]1572441398.744495, 1104056, nilfs2
[  218.280913] [780]1572441398.744515, 1106104, nilfs2
[  218.280914] [781]1572441398.744530, 1108152, nilfs2
[  218.280914] [782]1572441398.744548, 1110200, nilfs2
[  218.280915] [783]1572441398.744566, 1112248, nilfs2
[  218.280915] [784]1572441398.749947, 1114112, nilfs2
[  218.280916] [785]1572441398.750022, 1116160, nilfs2
[  218.280916] [786]1572441398.750042, 1118208, nilfs2
[  218.280917] [787]1572441398.750059, 1120256, nilfs2
[  218.280917] [788]1572441398.750076, 1122304, nilfs2
[  218.280918] [789]1572441398.750092, 1124352, nilfs2
[  218.280919] [790]1572441398.750106, 1126400, nilfs2
[  218.280919] [791]1572441398.754578, 1127128, nilfs2
[  218.280920] [792]1572441398.754609, 1129176, nilfs2
[  218.280920] [793]1572441398.754978, 1130496, nilfs2
[  218.280921] [794]1572441398.772993, 1131376, nilfs2
[  218.280921] [795]1572441398.773058, 1133424, nilfs2
[  218.280922] [796]1572441398.773077, 1135472, nilfs2
[  218.280922] [797]1572441398.773095, 1137520, nilfs2
[  218.280923] [798]1572441398.773112, 1139568, nilfs2
[  218.280924] [799]1572441398.773129, 1141616, nilfs2
[  218.280924] [800]1572441398.773146, 1143664, nilfs2
[  218.280925] [801]1572441398.773163, 1145712, nilfs2
[  218.280925] [802]1572441398.779865, 1146880, nilfs2
[  218.280926] [803]1572441398.779891, 1148928, nilfs2
[  218.280926] [804]1572441398.779920, 1150976, nilfs2
[  218.280927] [805]1572441398.779937, 1153024, nilfs2
[  218.280927] [806]1572441398.779952, 1155072, nilfs2
[  218.280928] [807]1572441398.779967, 1157120, nilfs2
[  218.280928] [808]1572441398.779984, 1159168, nilfs2
[  218.280929] [809]1572441398.784043, 1160704, nilfs2
[  218.280929] [810]1572441398.784076, 1162752, nilfs2
[  218.280930] [811]1572441398.784889, 1163264, nilfs2
[  218.280931] [812]1572441398.803355, 1165064, nilfs2
[  218.280931] [813]1572441398.803530, 1999992, nilfs2
[  218.280932] [814]1572441398.820450, 1165456, nilfs2
[  218.280932] [815]1572441398.822680, 1167504, nilfs2
[  218.280933] [816]1572441398.822703, 1169552, nilfs2
[  218.280933] [817]1572441398.822722, 1171600, nilfs2
[  218.280934] [818]1572441398.822749, 1173648, nilfs2
[  218.280935] [819]1572441398.822772, 1175696, nilfs2
[  218.280935] [820]1572441398.822798, 1177744, nilfs2
[  218.280936] [821]1572441398.829393, 1179648, nilfs2
[  218.280936] [822]1572441398.829421, 1181696, nilfs2
[  218.280937] [823]1572441398.829438, 1183744, nilfs2
[  218.280937] [824]1572441398.829455, 1185792, nilfs2
[  218.280938] [825]1572441398.829471, 1187840, nilfs2
[  218.280938] [826]1572441398.829488, 1189888, nilfs2
[  218.280939] [827]1572441398.829505, 1191936, nilfs2
[  218.280939] [828]1572441398.829519, 1193984, nilfs2
[  218.280940] [829]1572441398.833209, 1194664, nilfs2
[  218.280941] [830]1572441398.834358, 1196032, nilfs2
[  218.280941] [831]1572441398.834383, 1198080, nilfs2
[  218.280942] [832]1572441398.851147, 1198912, nilfs2
[  218.280942] [833]1572441398.851184, 1200960, nilfs2
[  218.280943] [834]1572441398.851204, 1203008, nilfs2
[  218.280943] [835]1572441398.851221, 1205056, nilfs2
[  218.280944] [836]1572441398.851238, 1207104, nilfs2
[  218.280945] [837]1572441398.851254, 1209152, nilfs2
[  218.280945] [838]1572441398.851270, 1211200, nilfs2
[  218.280946] [839]1572441398.859453, 1212416, nilfs2
[  218.280946] [840]1572441398.859480, 1214464, nilfs2
[  218.280947] [841]1572441398.859497, 1216512, nilfs2
[  218.280947] [842]1572441398.859512, 1218560, nilfs2
[  218.280948] [843]1572441398.859528, 1220608, nilfs2
[  218.280948] [844]1572441398.859545, 1222656, nilfs2
[  218.280949] [845]1572441398.859562, 1224704, nilfs2
[  218.280949] [846]1572441398.859578, 1226752, nilfs2
[  218.280950] [847]1572441398.862822, 1228376, nilfs2
[  218.280951] [848]1572441398.864672, 1228800, nilfs2
[  218.280951] [849]1572441398.864704, 1230848, nilfs2
[  218.280952] [850]1572441398.882539, 1232600, nilfs2
[  218.280952] [851]1572441398.882725, 1999992, nilfs2
[  218.280953] [852]1572441398.898129, 1232992, nilfs2
[  218.280953] [853]1572441398.898156, 1235040, nilfs2
[  218.280954] [854]1572441398.898172, 1237088, nilfs2
[  218.280955] [855]1572441398.898189, 1239136, nilfs2
[  218.280955] [856]1572441398.898204, 1241184, nilfs2
[  218.280956] [857]1572441398.898220, 1243232, nilfs2
[  218.280956] [858]1572441398.907018, 1245184, nilfs2
[  218.280957] [859]1572441398.907049, 1247232, nilfs2
[  218.280957] [860]1572441398.907067, 1249280, nilfs2
[  218.280958] [861]1572441398.907084, 1251328, nilfs2
[  218.280958] [862]1572441398.907101, 1253376, nilfs2
[  218.280959] [863]1572441398.907116, 1255424, nilfs2
[  218.280959] [864]1572441398.907134, 1257472, nilfs2
[  218.280960] [865]1572441398.907151, 1259520, nilfs2
[  218.280960] [866]1572441398.907433, 1261568, nilfs2
[  218.280961] [867]1572441398.912506, 1262200, nilfs2
[  218.280962] [868]1572441398.912540, 1264248, nilfs2
[  218.280962] [869]1572441398.912553, 1266296, nilfs2
[  218.280963] [870]1572441398.928886, 1266456, nilfs2
[  218.280963] [871]1572441398.928927, 1268504, nilfs2
[  218.280964] [872]1572441398.928946, 1270552, nilfs2
[  218.280964] [873]1572441398.928965, 1272600, nilfs2
[  218.280965] [874]1572441398.928982, 1274648, nilfs2
[  218.280966] [875]1572441398.928999, 1276696, nilfs2
[  218.280966] [876]1572441398.938484, 1277952, nilfs2
[  218.280967] [877]1572441398.938524, 1280000, nilfs2
[  218.280967] [878]1572441398.938546, 1282048, nilfs2
[  218.280968] [879]1572441398.938565, 1284096, nilfs2
[  218.280968] [880]1572441398.938585, 1286144, nilfs2
[  218.280969] [881]1572441398.938604, 1288192, nilfs2
[  218.280969] [882]1572441398.938623, 1290240, nilfs2
[  218.280970] [883]1572441398.938644, 1292288, nilfs2
[  218.280970] [884]1572441398.939495, 1294336, nilfs2
[  218.280971] [885]1572441398.945154, 1295752, nilfs2
[  218.280971] [886]1572441398.945195, 1297800, nilfs2
[  218.280972] [887]1572441398.945210, 1299848, nilfs2
[  218.280973] [888]1572441398.964855, 1300152, nilfs2
[  218.280973] [889]1572441398.965055, 0, nilfs2
[  218.280974] [890]1572441398.981865, 1300552, nilfs2
[  218.280974] [891]1572441398.981974, 1302600, nilfs2
[  218.280975] [892]1572441398.982000, 1304648, nilfs2
[  218.280975] [893]1572441398.982023, 1306696, nilfs2
[  218.280976] [894]1572441398.982043, 1308744, nilfs2
[  218.280976] [895]1572441398.989244, 1310720, nilfs2
[  218.280977] [896]1572441398.989282, 1312768, nilfs2
[  218.280978] [897]1572441398.989300, 1314816, nilfs2
[  218.280978] [898]1572441398.989317, 1316864, nilfs2
[  218.280979] [899]1572441398.989336, 1318912, nilfs2
[  218.280979] [900]1572441398.989354, 1320960, nilfs2
[  218.280980] [901]1572441398.989371, 1323008, nilfs2
[  218.280980] [902]1572441398.989388, 1325056, nilfs2
[  218.280981] [903]1572441398.990690, 1327104, nilfs2
[  218.280981] [904]1572441398.990710, 1329152, nilfs2
[  218.280982] [905]1572441398.995698, 1329640, nilfs2
[  218.280982] [906]1572441398.995984, 1331688, nilfs2
[  218.280983] [907]1572441398.996230, 1333736, nilfs2
[  218.280984] [908]1572441399.12184, 1334016, nilfs2
[  218.280984] [909]1572441399.12225, 1336064, nilfs2
[  218.280985] [910]1572441399.12244, 1338112, nilfs2
[  218.280985] [911]1572441399.12262, 1340160, nilfs2
[  218.280986] [912]1572441399.12280, 1342208, nilfs2
[  218.280986] [913]1572441399.20773, 1343488, nilfs2
[  218.280987] [914]1572441399.20815, 1345536, nilfs2
[  218.280988] [915]1572441399.20837, 1347584, nilfs2
[  218.280988] [916]1572441399.20857, 1349632, nilfs2
[  218.280989] [917]1572441399.20877, 1351680, nilfs2
[  218.280989] [918]1572441399.20897, 1353728, nilfs2
[  218.280990] [919]1572441399.20914, 1355776, nilfs2
[  218.280990] [920]1572441399.20932, 1357824, nilfs2
[  218.280991] [921]1572441399.22809, 1359872, nilfs2
[  218.280991] [922]1572441399.22832, 1361920, nilfs2
[  218.280992] [923]1572441399.26354, 1363136, nilfs2
[  218.280993] [924]1572441399.26384, 1365184, nilfs2
[  218.280993] [925]1572441399.26543, 1367232, nilfs2
[  218.280994] [926]1572441399.44883, 1367720, nilfs2
[  218.280994] [927]1572441399.45249, 1999992, nilfs2
[  218.280995] [928]1572441399.63816, 1368112, nilfs2
[  218.280995] [929]1572441399.63861, 1370160, nilfs2
[  218.280996] [930]1572441399.63879, 1372208, nilfs2
[  218.280997] [931]1572441399.63895, 1374256, nilfs2
[  218.280997] [932]1572441399.71127, 1376256, nilfs2
[  218.280998] [933]1572441399.71170, 1378304, nilfs2
[  218.280998] [934]1572441399.71188, 1380352, nilfs2
[  218.280999] [935]1572441399.71207, 1382400, nilfs2
[  218.280999] [936]1572441399.71223, 1384448, nilfs2
[  218.281000] [937]1572441399.71239, 1386496, nilfs2
[  218.281000] [938]1572441399.71382, 1388544, nilfs2
[  218.281001] [939]1572441399.71403, 1390592, nilfs2
[  218.281001] [940]1572441399.73381, 1392640, nilfs2
[  218.281002] [941]1572441399.73410, 1394688, nilfs2
[  218.281003] [942]1572441399.73426, 1396736, nilfs2
[  218.281003] [943]1572441399.77458, 1397448, nilfs2
[  218.281004] [944]1572441399.77554, 1399496, nilfs2
[  218.281004] [945]1572441399.77569, 1401544, nilfs2
[  218.281005] [946]1572441399.93511, 1401560, nilfs2
[  218.281005] [947]1572441399.93858, 1403608, nilfs2
[  218.281006] [948]1572441399.93926, 1405656, nilfs2
[  218.281006] [949]1572441399.94040, 1407704, nilfs2
[  218.281007] [950]1572441399.103403, 1409024, nilfs2
[  218.281008] [951]1572441399.103504, 1411072, nilfs2
[  218.281008] [952]1572441399.103530, 1413120, nilfs2
[  218.281009] [953]1572441399.103550, 1415168, nilfs2
[  218.281009] [954]1572441399.103570, 1417216, nilfs2
[  218.281010] [955]1572441399.103591, 1419264, nilfs2
[  218.281010] [956]1572441399.103611, 1421312, nilfs2
[  218.281011] [957]1572441399.103631, 1423360, nilfs2
[  218.281011] [958]1572441399.106569, 1425408, nilfs2
[  218.281012] [959]1572441399.106594, 1427456, nilfs2
[  218.281012] [960]1572441399.106612, 1429504, nilfs2
[  218.281013] [961]1572441399.110524, 1431016, nilfs2
[  218.281014] [962]1572441399.110560, 1433064, nilfs2
[  218.281014] [963]1572441399.110576, 1435112, nilfs2
[  218.281015] [964]1572441399.130151, 1435240, nilfs2
[  218.281015] [965]1572441399.130386, 0, nilfs2
[  218.281016] [966]1572441399.146453, 1435640, nilfs2
[  218.281016] [967]1572441399.146498, 1437688, nilfs2
[  218.281017] [968]1572441399.146516, 1439736, nilfs2
[  218.281018] [969]1572441399.146530, 1441784, nilfs2
[  218.281018] [970]1572441399.153968, 1441792, nilfs2
[  218.281019] [971]1572441399.154008, 1443840, nilfs2
[  218.281019] [972]1572441399.154029, 1445888, nilfs2
[  218.281020] [973]1572441399.154049, 1447936, nilfs2
[  218.281020] [974]1572441399.154068, 1449984, nilfs2
[  218.281021] [975]1572441399.154089, 1452032, nilfs2
[  218.281021] [976]1572441399.154107, 1454080, nilfs2
[  218.281022] [977]1572441399.154129, 1456128, nilfs2
[  218.281022] [978]1572441399.157103, 1458176, nilfs2
[  218.281023] [979]1572441399.157143, 1460224, nilfs2
[  218.281024] [980]1572441399.157160, 1462272, nilfs2
[  218.281024] [981]1572441399.157175, 1464320, nilfs2
[  218.281025] [982]1572441399.162478, 1464736, nilfs2
[  218.281025] [983]1572441399.162512, 1466784, nilfs2
[  218.281026] [984]1572441399.162529, 1468832, nilfs2
[  218.281026] [985]1572441399.175592, 1469104, nilfs2
[  218.281027] [986]1572441399.175637, 1471152, nilfs2
[  218.281027] [987]1572441399.175655, 1473200, nilfs2
[  218.281028] [988]1572441399.184167, 1474560, nilfs2
[  218.281029] [989]1572441399.184199, 1476608, nilfs2
[  218.281029] [990]1572441399.184217, 1478656, nilfs2
[  218.281030] [991]1572441399.184234, 1480704, nilfs2
[  218.281030] [992]1572441399.184251, 1482752, nilfs2
[  218.281031] [993]1572441399.184268, 1484800, nilfs2
[  218.281031] [994]1572441399.184285, 1486848, nilfs2
[  218.281032] [995]1572441399.184303, 1488896, nilfs2
[  218.281032] [996]1572441399.189135, 1490944, nilfs2
[  218.281033] [997]1572441399.189247, 1492992, nilfs2
[  218.281034] [998]1572441399.189266, 1495040, nilfs2
[  218.281034] [999]1572441399.189282, 1497088, nilfs2
[  218.281035] [1000]1572441399.193324, 1498256, nilfs2
[  218.281035] [1001]1572441399.193360, 1500304, nilfs2
[  218.281036] [1002]1572441399.193375, 1502352, nilfs2
[  218.281037] [1003]1572441399.212292, 1502792, nilfs2
[  218.281037] [1004]1572441399.212490, 1999992, nilfs2
[  218.281038] [1005]1572441399.227473, 1503184, nilfs2
[  218.281038] [1006]1572441399.227958, 1505232, nilfs2
[  218.281039] [1007]1572441399.228368, 1507280, nilfs2
[  218.281039] [1008]1572441399.236255, 1507328, nilfs2
[  218.281040] [1009]1572441399.236305, 1509376, nilfs2
[  218.281041] [1010]1572441399.236324, 1511424, nilfs2
[  218.281041] [1011]1572441399.236345, 1513472, nilfs2
[  218.281042] [1012]1572441399.236363, 1515520, nilfs2
[  218.281042] [1013]1572441399.236383, 1517568, nilfs2
[  218.281043] [1014]1572441399.236403, 1519616, nilfs2
[  218.281043] [1015]1572441399.236422, 1521664, nilfs2
[  218.281044] [1016]1572441399.240167, 1523712, nilfs2
[  218.281045] [1017]1572441399.240211, 1525760, nilfs2
[  218.281045] [1018]1572441399.240228, 1527808, nilfs2
[  218.281046] [1019]1572441399.240246, 1529856, nilfs2
[  218.281046] [1020]1572441399.240262, 1531904, nilfs2
[  218.281047] [1021]1572441399.245336, 1532344, nilfs2
[  218.281047] [1022]1572441399.245388, 1534392, nilfs2
[  218.281048] [1023]1572441399.245410, 1536440, nilfs2
[  218.281048] [1024]1572441399.259496, 1536648, nilfs2
[  218.281049] [1025]1572441399.259538, 1538696, nilfs2
[  218.281049] [1026]1572441399.268308, 1540096, nilfs2
[  218.281050] [1027]1572441399.268353, 1542144, nilfs2
[  218.281050] [1028]1572441399.268374, 1544192, nilfs2
[  218.281051] [1029]1572441399.268403, 1546240, nilfs2
[  218.281052] [1030]1572441399.268424, 1548288, nilfs2
[  218.281052] [1031]1572441399.268443, 1550336, nilfs2
[  218.281053] [1032]1572441399.268462, 1552384, nilfs2
[  218.281053] [1033]1572441399.268480, 1554432, nilfs2
[  218.281054] [1034]1572441399.274018, 1556480, nilfs2
[  218.281054] [1035]1572441399.274064, 1558528, nilfs2
[  218.281055] [1036]1572441399.274085, 1560576, nilfs2
[  218.281056] [1037]1572441399.274104, 1562624, nilfs2
[  218.281056] [1038]1572441399.274122, 1564672, nilfs2
[  218.281057] [1039]1572441399.278660, 1566080, nilfs2
[  218.281057] [1040]1572441399.278696, 1568128, nilfs2
[  218.281058] [1041]1572441399.278712, 1570176, nilfs2
[  218.281058] [1042]1572441399.297792, 1570336, nilfs2
[  218.281059] [1043]1572441399.297983, 0, nilfs2
[  218.281059] [1044]1572441399.321023, 1570736, nilfs2
[  218.281060] [1045]1572441399.321083, 1572784, nilfs2
[  218.281060] [1046]1572441399.328810, 1572864, nilfs2
[  218.281061] [1047]1572441399.328870, 1574912, nilfs2
[  218.281062] [1048]1572441399.328893, 1576960, nilfs2
[  218.281062] [1049]1572441399.328922, 1579008, nilfs2
[  218.281063] [1050]1572441399.328945, 1581056, nilfs2
[  218.281063] [1051]1572441399.328965, 1583104, nilfs2
[  218.281064] [1052]1572441399.328986, 1585152, nilfs2
[  218.281064] [1053]1572441399.329006, 1587200, nilfs2
[  218.281065] [1054]1572441399.333923, 1589248, nilfs2
[  218.281065] [1055]1572441399.333952, 1591296, nilfs2
[  218.281066] [1056]1572441399.333970, 1593344, nilfs2
[  218.281067] [1057]1572441399.333988, 1595392, nilfs2
[  218.281067] [1058]1572441399.334007, 1597440, nilfs2
[  218.281068] [1059]1572441399.334022, 1599488, nilfs2
[  218.281068] [1060]1572441399.340018, 1599904, nilfs2
[  218.281069] [1061]1572441399.340059, 1601952, nilfs2
[  218.281069] [1062]1572441399.340075, 1604000, nilfs2
[  218.281070] [1063]1572441399.354296, 1604216, nilfs2
[  218.281070] [1064]1572441399.363800, 1605632, nilfs2
[  218.281071] [1065]1572441399.363844, 1607680, nilfs2
[  218.281071] [1066]1572441399.363861, 1609728, nilfs2
[  218.281072] [1067]1572441399.363880, 1611776, nilfs2
[  218.281073] [1068]1572441399.363900, 1613824, nilfs2
[  218.281073] [1069]1572441399.363919, 1615872, nilfs2
[  218.281074] [1070]1572441399.363938, 1617920, nilfs2
[  218.281074] [1071]1572441399.363956, 1619968, nilfs2
[  218.281075] [1072]1572441399.369923, 1622016, nilfs2
[  218.281075] [1073]1572441399.369972, 1624064, nilfs2
[  218.281076] [1074]1572441399.370023, 1626112, nilfs2
[  218.281077] [1075]1572441399.370046, 1628160, nilfs2
[  218.281077] [1076]1572441399.370071, 1630208, nilfs2
[  218.281078] [1077]1572441399.370096, 1632256, nilfs2
[  218.281078] [1078]1572441399.375050, 1633592, nilfs2
[  218.281079] [1079]1572441399.375093, 1635640, nilfs2
[  218.281079] [1080]1572441399.375108, 1637688, nilfs2
[  218.281080] [1081]1572441399.393781, 1637904, nilfs2
[  218.281081] [1082]1572441399.394251, 1999992, nilfs2
[  218.281081] [1083]1572441399.407414, 1638296, nilfs2
[  218.281082] [1084]1572441399.418267, 1638400, nilfs2
[  218.281082] [1085]1572441399.418387, 1640448, nilfs2
[  218.281083] [1086]1572441399.418501, 1642496, nilfs2
[  218.281083] [1087]1572441399.418527, 1644544, nilfs2
[  218.281084] [1088]1572441399.418550, 1646592, nilfs2
[  218.281084] [1089]1572441399.418573, 1648640, nilfs2
[  218.281085] [1090]1572441399.418597, 1650688, nilfs2
[  218.281086] [1091]1572441399.418622, 1652736, nilfs2
[  218.281086] [1092]1572441399.424541, 1654784, nilfs2
[  218.281087] [1093]1572441399.424584, 1656832, nilfs2
[  218.281087] [1094]1572441399.424605, 1658880, nilfs2
[  218.281088] [1095]1572441399.424624, 1660928, nilfs2
[  218.281088] [1096]1572441399.424644, 1662976, nilfs2
[  218.281089] [1097]1572441399.424665, 1665024, nilfs2
[  218.281089] [1098]1572441399.424680, 1667072, nilfs2
[  218.281090] [1099]1572441399.444253, 1667528, nilfs2
[  218.281090] [1100]1572441399.444294, 1669576, nilfs2
[  218.281091] [1101]1572441399.451784, 1671168, nilfs2
[  218.281092] [1102]1572441399.451826, 1673216, nilfs2
[  218.281092] [1103]1572441399.451843, 1675264, nilfs2
[  218.281093] [1104]1572441399.451859, 1677312, nilfs2
[  218.281093] [1105]1572441399.451874, 1679360, nilfs2
[  218.281094] [1106]1572441399.451891, 1681408, nilfs2
[  218.281094] [1107]1572441399.451907, 1683456, nilfs2
[  218.281095] [1108]1572441399.451922, 1685504, nilfs2
[  218.281095] [1109]1572441399.455824, 1687552, nilfs2
[  218.281096] [1110]1572441399.455856, 1689600, nilfs2
[  218.281097] [1111]1572441399.455873, 1691648, nilfs2
[  218.281097] [1112]1572441399.455888, 1693696, nilfs2
[  218.281098] [1113]1572441399.455902, 1695744, nilfs2
[  218.281098] [1114]1572441399.464049, 1696672, nilfs2
[  218.281099] [1115]1572441399.464081, 1698720, nilfs2
[  218.281099] [1116]1572441399.464097, 1700768, nilfs2
[  218.281100] [1117]1572441399.464111, 1702816, nilfs2
[  218.281100] [1118]1572441399.464604, 1703936, nilfs2
[  218.281101] [1119]1572441399.486305, 1705080, nilfs2
[  218.281101] [1120]1572441399.486344, 1707128, nilfs2
[  218.281102] [1121]1572441399.486362, 1709176, nilfs2
[  218.281102] [1122]1572441399.486381, 1711224, nilfs2
[  218.281103] [1123]1572441399.486410, 1713272, nilfs2
[  218.281104] [1124]1572441399.486428, 1715320, nilfs2
[  218.281104] [1125]1572441399.486446, 1717368, nilfs2
[  218.281105] [1126]1572441399.486461, 1719416, nilfs2
[  218.281105] [1127]1572441399.493767, 1720320, nilfs2
[  218.281106] [1128]1572441399.493797, 1722368, nilfs2
[  218.281106] [1129]1572441399.493814, 1724416, nilfs2
[  218.281107] [1130]1572441399.493831, 1726464, nilfs2
[  218.281108] [1131]1572441399.493846, 1728512, nilfs2
[  218.281108] [1132]1572441399.493861, 1730560, nilfs2
[  218.281109] [1133]1572441399.493877, 1732608, nilfs2
[  218.281109] [1134]1572441399.500141, 1734536, nilfs2
[  218.281110] [1135]1572441399.500175, 1736584, nilfs2
[  218.281110] [1136]1572441399.507775, 1736704, nilfs2
[  218.281111] [1137]1572441399.507802, 1738752, nilfs2
[  218.281111] [1138]1572441399.507817, 1740800, nilfs2
[  218.281112] [1139]1572441399.507833, 1742848, nilfs2
[  218.281112] [1140]1572441399.507848, 1744896, nilfs2
[  218.281113] [1141]1572441399.507863, 1746944, nilfs2
[  218.281114] [1142]1572441399.507878, 1748992, nilfs2
[  218.281114] [1143]1572441399.507891, 1751040, nilfs2
[  218.281115] [1144]1572441399.512979, 1753088, nilfs2
[  218.281115] [1145]1572441399.513005, 1755136, nilfs2
[  218.281116] [1146]1572441399.513020, 1757184, nilfs2
[  218.281116] [1147]1572441399.513034, 1759232, nilfs2
[  218.281117] [1148]1572441399.513049, 1761280, nilfs2
[  218.281117] [1149]1572441399.513062, 1763328, nilfs2
[  218.281118] [1150]1572441399.518017, 1764056, nilfs2
[  218.281119] [1151]1572441399.518047, 1766104, nilfs2
[  218.281119] [1152]1572441399.518062, 1768152, nilfs2
[  218.281120] [1153]1572441399.519337, 1769472, nilfs2
[  218.281120] [1154]1572441399.519361, 1771520, nilfs2
[  218.281121] [1155]1572441399.545868, 1772344, nilfs2
[  218.281121] [1156]1572441399.546099, 1999992, nilfs2
[  218.281122] [1157]1572441399.564529, 1772992, nilfs2
[  218.281122] [1158]1572441399.564572, 1775040, nilfs2
[  218.281123] [1159]1572441399.564591, 1777088, nilfs2
[  218.281123] [1160]1572441399.564609, 1779136, nilfs2
[  218.281124] [1161]1572441399.564624, 1781184, nilfs2
[  218.281125] [1162]1572441399.564641, 1783232, nilfs2
[  218.281125] [1163]1572441399.564656, 1785280, nilfs2
[  218.281126] [1164]1572441399.571699, 1785856, nilfs2
[  218.281126] [1165]1572441399.571732, 1787904, nilfs2
[  218.281127] [1166]1572441399.571750, 1789952, nilfs2
[  218.281127] [1167]1572441399.571767, 1792000, nilfs2
[  218.281128] [1168]1572441399.571783, 1794048, nilfs2
[  218.281128] [1169]1572441399.571800, 1796096, nilfs2
[  218.281129] [1170]1572441399.571816, 1798144, nilfs2
[  218.281130] [1171]1572441399.571831, 1800192, nilfs2
[  218.281130] [1172]1572441399.583758, 1802056, nilfs2
[  218.281131] [1173]1572441399.590357, 1802240, nilfs2
[  218.281131] [1174]1572441399.590399, 1804288, nilfs2
[  218.281132] [1175]1572441399.590447, 1806336, nilfs2
[  218.281132] [1176]1572441399.590464, 1808384, nilfs2
[  218.281133] [1177]1572441399.590480, 1810432, nilfs2
[  218.281133] [1178]1572441399.590497, 1812480, nilfs2
[  218.281134] [1179]1572441399.590511, 1814528, nilfs2
[  218.281134] [1180]1572441399.590526, 1816576, nilfs2
[  218.281135] [1181]1572441399.596083, 1818624, nilfs2
[  218.281136] [1182]1572441399.596118, 1820672, nilfs2
[  218.281136] [1183]1572441399.596133, 1822720, nilfs2
[  218.281137] [1184]1572441399.596149, 1824768, nilfs2
[  218.281137] [1185]1572441399.596164, 1826816, nilfs2
[  218.281138] [1186]1572441399.596178, 1828864, nilfs2
[  218.281138] [1187]1572441399.596191, 1830912, nilfs2
[  218.281139] [1188]1572441404.584073, 1831408, nilfs2
[  218.281140] [1189]1572441409.607783, 1832000, nilfs2
[  218.281140] [1190]1572441422.100294, 0, nilfs2
